0.120915 0.109111
0.0683038 0.148702
0.0542278 0.179683
0.0359278 0.219961
0.0197398 0.29122
-0.00858924 0.350605
-0.0409652 0.390193
-0.0729872 0.401383
-0.0976232 0.40999
-0.129999 0.374359
-0.121905 0.326851
-0.115041 0.300001
-0.109764 0.279346
-0.134043 0.239755
-0.174513 0.219961
-0.214983 0.223921
-0.255453 0.251632
-0.269178 0.285196
-0.279735 0.311017
-0.283782 0.354565
-0.277695 0.382345
-0.269784 0.418462
-0.2595 0.465412
-0.245775 0.507928
-0.235218 0.540634
-0.214983 0.572305
-0.192108 0.57919
-0.162372 0.588139
-0.105717 0.588139
-0.192108 0.57919
-0.0409652 0.607933
-0.34044 0.679195
-0.00454224 0.695029
-0.0485312 0.691588
-0.105717 0.687112
-0.174513 0.702949
-0.235218 0.742537
-0.275688 0.805879
-0.291699 0.841681
-0.304017 0.869221
-0.336393 0.881098
-0.364722 0.853387
-0.365736 0.826597
-0.367053 0.79177
-0.368769 0.746497
-0.34044 0.679195
-0.364722 0.603976
-0.394632 0.554059
-0.433518 0.489166
-0.494223 0.394153
-0.550881 0.29914
-0.568476 0.235453
-0.591351 0.152659
-0.599445 0.0101385
-0.554928 -0.120506
-0.500031 -0.189872
-0.4578 -0.24323
-0.399522 -0.273413
-0.35469 -0.296633
-0.320205 -0.314492
-0.28935 -0.327905
-0.265617 -0.338225
-0.247359 -0.346163
-0.223077 -0.369917
-0.218694 -0.393503
-0.214983 -0.413465
-0.231171 -0.441176
-0.249429 -0.459035
-0.273162 -0.482255
-0.304017 -0.512438
-0.338043 -0.544139
-0.366012 -0.570197
-0.389004 -0.591614
-0.34044 -0.607451
-0.310011 -0.603482
-0.270453 -0.598322
-0.21903 -0.591614
-0.13809 -0.57578
-0.0909812 -0.556925
-0.0490592 -0.540149
-0.00163524 -0.517655
0.0629068 -0.487046
0.0844918 -0.476807
0.107499 -0.465554
0.125196 -0.456896
0.13881 -0.450239
0.14928 -0.445115
-0.214983 -0.413465
0.169476 -0.441176
0.179289 -0.439898
0.192045 -0.438233
0.208626 -0.43607
0.230181 -0.433259
0.256575 -0.438422
0.290886 -0.445136
0.331356 -0.453743
0.383967 -0.46493
0.331356 -0.453743
0.505374 -0.46889
0.586314 -0.46493
0.655113 -0.46097
0.707721 -0.46889
0.739746 -0.466652
0.764379 -0.46493
0.788661 -0.437216
0.788661 -0.408128
0.788661 -0.385751
0.772473 -0.35804
0.749784 -0.341897
0.727956 -0.326369
0.707721 -0.302615
0.698925 -0.275075
0.687486 -0.239273
0.676929 -0.208289
0.663207 -0.168011
0.642972 -0.112586
0.620097 -0.0857355
0.602502 -0.0650805
0.553938 -0.0334095
0.489186 0.00222148
0.450477 0.0108285
0.400155 0.0220155
0.311121 0.0338925
0.267132 0.0476625
0.209946 0.0655635
0.159624 0.0901785
