0.707107 5.96716749E-01 4.17932628E-02 1.39812399E-01 5 0 128
0.353553 3.67909172E-01 1.67209132E-02 8.95331824E-02 6 0 512
0.176777 1.92934601E-01 4.46654406E-03 5.66256278E-02 6 0 2048
0.0883883 1.05565572E-01 1.31052293E-03 3.66195567E-02 8 0 8192
0.0441942 5.65517075E-02 3.70565031E-04 2.25172903E-02 9 0 32768

        L^{1}   |       L^{2}   |       C^{oo}
        0.65            0.43            0.41
        0.99            0.79            0.71
        0.98            0.88            0.82
        0.99            0.93            0.89
