0.504553 4.22471339E-01 2.36737228E-02 1.13618060E-01 5 48 160
0.252276 2.95607986E-01 9.33480368E-03 6.13947644E-02 8 192 640
0.126138 1.84683952E-01 3.23452429E-03 3.22676255E-02 10 768 2560
0.0630691 1.00223542E-01 9.21705902E-04 1.69859917E-02 10 3072 10240
0.0315345 5.47524270E-02 2.64250616E-04 1.06601331E-02 10 12288 40960

        L^{1}   |       L^{2}   |       C^{oo}                                                                                                                                                                     
        0.7             0.62            0.64
        0.92            0.82            0.82
        1               0.91            0.89
        1               0.94            0.89
