0.396783 2.75268834E-01 8.06931360E-03 5.59771877E-02 6 118 256
0.195851 1.81569358E-01 3.18367176E-03 5.29082584E-02 8 515 1024
0.0962626 1.13254929E-01 1.11058875E-03 2.16853660E-02 18 2096 4096
0.0475756 6.25733257E-02 3.28604534E-04 1.99894630E-02 30 8155 16384
0.0237018 3.50805357E-02 1.00346670E-04 1.80794278E-02 45 32600 65536

        L^{1}   |       L^{2}   |       C^{oo}                                                                                              
        0.75            0.68            0.58                                                                                                
        0.89            0.82            0.91                                                                                                
        0.98            0.91            0.78                                                                                                
        0.98            0.93            0.83     