0.5 4.00737114E-01 1.62678904E-02 6.33361312E-02 6 0 256
0.25 1.93330138E-01 3.78067744E-03 4.31017678E-02 8 0 1024
0.125 1.04165995E-01 1.01981249E-03 1.95322984E-02 11 0 4096
0.0625 5.62699995E-02 2.95949239E-04 1.91797563E-02 12 0 16384
0.03125 3.14816045E-02 9.00731420E-05 1.65324263E-02 12 0 65536

        L^{1}   |       L^{2}   |       C^{oo}                                                                                              
        0.9             0.68            0.57                                                                                                
        0.92            0.82            0.83                                                                                                
        0.95            0.88            0.75                                                                                                
        0.96            0.92            0.83  